set assembly,""
fetch 8SSS, async=0
_ set_view (\
_     1.000000000,    0.000000000,    0.000000000,\
_     0.000000000,    1.000000000,    0.000000000,\
_     0.000000000,    0.000000000,    1.000000000,\
_     0.000000000,    0.000000000,  -50.000000000,\
_    51.716060638,    4.050863266,   33.992683411,\
_    40.000000000,  100.000000000,  -20.000000000 )
_ set_view (\
_     1.000000000,    0.000000000,    0.000000000,\
_     0.000000000,    1.000000000,    0.000000000,\
_     0.000000000,    0.000000000,    1.000000000,\
_     0.000000000,    0.000000000, -292.134063721,\
_    51.716060638,    4.050863266,   33.992683411,\
_   230.320724487,  353.947418213,  -20.000000000 )
select protein,(byres polymer & name CA)
create ZF1_11,protein
_ set_view (\
_     1.000000000,    0.000000000,    0.000000000,\
_     0.000000000,    1.000000000,    0.000000000,\
_     0.000000000,    0.000000000,    1.000000000,\
_     0.000000000,    0.000000000, -292.134063721,\
_    51.844333649,    4.027469635,   34.159606934,\
_   230.320724487,  353.947418213,  -20.000000000 )
_ set_view (\
_     1.000000000,    0.000000000,    0.000000000,\
_     0.000000000,    1.000000000,    0.000000000,\
_     0.000000000,    0.000000000,    1.000000000,\
_     0.000000000,    0.000000000, -291.187408447,\
_    51.844333649,    4.027469635,   34.159606934,\
_   229.574371338,  352.800445557,  -20.000000000 )
select DNA,(byres polymer & name P)
create ZF1_11_motif,DNA
_ set_view (\
_     1.000000000,    0.000000000,    0.000000000,\
_     0.000000000,    1.000000000,    0.000000000,\
_     0.000000000,    0.000000000,    1.000000000,\
_     0.000000000,    0.000000000, -291.187408447,\
_    51.196876526,    4.203990936,   32.956298828,\
_   229.574371338,  352.800445557,  -20.000000000 )
_ set_view (\
_     1.000000000,    0.000000000,    0.000000000,\
_     0.000000000,    1.000000000,    0.000000000,\
_     0.000000000,    0.000000000,    1.000000000,\
_     0.000000000,    0.000000000, -267.009124756,\
_    51.196876526,    4.203990936,   32.956298828,\
_   210.512023926,  323.506225586,  -20.000000000 )
_ set_view (\
_     0.943920970,    0.026374109,   -0.329116553,\
_     0.148872972,    0.855726659,    0.495549023,\
_     0.294703454,   -0.516755641,    0.803811908,\
_     0.000000000,    0.000000000, -267.009124756,\
_    51.196876526,    4.203990936,   32.956298828,\
_   210.512023926,  323.506225586,  -20.000000000 )
_ set_view (\
_     0.797921419,    0.217536941,   -0.562138140,\
_     0.413958907,    0.480116725,    0.773386121,\
_     0.438131988,   -0.849803388,    0.293044031,\
_     0.000000000,    0.000000000, -267.009124756,\
_    51.196876526,    4.203990936,   32.956298828,\
_   210.512023926,  323.506225586,  -20.000000000 )
_ set_view (\
_     0.728478909,    0.329362810,   -0.600698590,\
_     0.528553247,    0.287621737,    0.798689723,\
_     0.435832709,   -0.899329782,    0.035440579,\
_     0.000000000,    0.000000000, -267.009124756,\
_    51.196876526,    4.203990936,   32.956298828,\
_   210.512023926,  323.506225586,  -20.000000000 )
_ set_view (\
_     0.659444988,    0.447848856,   -0.603791237,\
_     0.637272716,    0.093014911,    0.765004396,\
_     0.398768038,   -0.889257967,   -0.224063665,\
_     0.000000000,    0.000000000, -267.009124756,\
_    51.196876526,    4.203990936,   32.956298828,\
_   210.512023926,  323.506225586,  -20.000000000 )
_ set_view (\
_     0.637842417,    0.515548885,   -0.572159588,\
_     0.677785754,   -0.022965886,    0.734900713,\
_     0.365737230,   -0.856552422,   -0.364080310,\
_     0.000000000,    0.000000000, -267.009124756,\
_    51.196876526,    4.203990936,   32.956298828,\
_   210.512023926,  323.506225586,  -20.000000000 )
_ set_view (\
_     0.619490027,    0.578621387,   -0.530499279,\
_     0.713963926,   -0.134374022,    0.687167525,\
_     0.326324672,   -0.804450810,   -0.496358156,\
_     0.000000000,    0.000000000, -267.009124756,\
_    51.196876526,    4.203990936,   32.956298828,\
_   210.512023926,  323.506225586,  -20.000000000 )
_ set_view (\
_     0.597974896,    0.635794640,   -0.488048494,\
_     0.751450419,   -0.232881039,    0.617323875,\
_     0.278834164,   -0.735888422,   -0.617025137,\
_     0.000000000,    0.000000000, -267.009124756,\
_    51.196876526,    4.203990936,   32.956298828,\
_   210.512023926,  323.506225586,  -20.000000000 )
_ set_view (\
_     0.580267310,    0.687126696,   -0.437203497,\
_     0.782576084,   -0.321764559,    0.532956183,\
_     0.225532010,   -0.651401997,   -0.724438369,\
_     0.000000000,    0.000000000, -267.009124756,\
_    51.196876526,    4.203990936,   32.956298828,\
_   210.512023926,  323.506225586,  -20.000000000 )
_ set_view (\
_     0.506330431,    0.738480806,   -0.445281625,\
_     0.852058768,   -0.348939657,    0.390175760,\
_     0.132761076,   -0.576963961,   -0.805907786,\
_     0.000000000,    0.000000000, -267.009124756,\
_    51.196876526,    4.203990936,   32.956298828,\
_   210.512023926,  323.506225586,  -20.000000000 )
_ set_view (\
_     0.431335419,    0.788467765,   -0.438484222,\
_     0.901732087,   -0.361261040,    0.237423271,\
_     0.028793544,   -0.497804403,   -0.866811395,\
_     0.000000000,    0.000000000, -267.009124756,\
_    51.196876526,    4.203990936,   32.956298828,\
_   210.512023926,  323.506225586,  -20.000000000 )
_ set_view (\
_     0.305157959,    0.828278780,   -0.469928622,\
_     0.947167993,   -0.315155208,    0.059582561,\
_    -0.098749258,   -0.463283449,   -0.880691409,\
_     0.000000000,    0.000000000, -267.009124756,\
_    51.196876526,    4.203990936,   32.956298828,\
_   210.512023926,  323.506225586,  -20.000000000 )
_ set_view (\
_     0.173499703,    0.861599922,   -0.477015227,\
_     0.957990289,   -0.259968698,   -0.121123880,\
_    -0.228369161,   -0.435960948,   -0.870509028,\
_     0.000000000,    0.000000000, -267.009124756,\
_    51.196876526,    4.203990936,   32.956298828,\
_   210.512023926,  323.506225586,  -20.000000000 )
_ set_view (\
_     0.043054789,    0.882719517,   -0.467923820,\
_     0.937211275,   -0.197931811,   -0.287155211,\
_    -0.346094370,   -0.426180035,   -0.835816801,\
_     0.000000000,    0.000000000, -267.009124756,\
_    51.196876526,    4.203990936,   32.956298828,\
_   210.512023926,  323.506225586,  -20.000000000 )
_ set_view (\
_    -0.085003562,    0.895616412,   -0.436630189,\
_     0.885540128,   -0.132961825,   -0.445129097,\
_    -0.456719935,   -0.424491048,   -0.781802237,\
_     0.000000000,    0.000000000, -267.009124756,\
_    51.196876526,    4.203990936,   32.956298828,\
_   210.512023926,  323.506225586,  -20.000000000 )
_ set_view (\
_    -0.176983088,    0.898365378,   -0.402016014,\
_     0.829120278,   -0.084000975,   -0.552723646,\
_    -0.530317426,   -0.431142330,   -0.729986429,\
_     0.000000000,    0.000000000, -267.009124756,\
_    51.196876526,    4.203990936,   32.956298828,\
_   210.512023926,  323.506225586,  -20.000000000 )
_ set_view (\
_    -0.264046878,    0.896249235,   -0.356394231,\
_     0.757831216,   -0.035789911,   -0.651468277,\
_    -0.596633136,   -0.442104816,   -0.669755638,\
_     0.000000000,    0.000000000, -267.009124756,\
_    51.196876526,    4.203990936,   32.956298828,\
_   210.512023926,  323.506225586,  -20.000000000 )
_ set_view (\
_    -0.335206807,    0.874672472,   -0.350121051,\
_     0.715537786,   -0.005402161,   -0.698553085,\
_    -0.612896502,   -0.484684587,   -0.624050558,\
_     0.000000000,    0.000000000, -267.009124756,\
_    51.196876526,    4.203990936,   32.956298828,\
_   210.512023926,  323.506225586,  -20.000000000 )
_ set_view (\
_    -0.404524982,    0.849381328,   -0.338985682,\
_     0.668717027,    0.021874851,   -0.743195117,\
_    -0.623840690,   -0.527326465,   -0.576844811,\
_     0.000000000,    0.000000000, -267.009124756,\
_    51.196876526,    4.203990936,   32.956298828,\
_   210.512023926,  323.506225586,  -20.000000000 )
_ set_view (\
_    -0.444847763,    0.834585607,   -0.324927151,\
_     0.634632647,    0.037750844,   -0.771891296,\
_    -0.631942987,   -0.549583495,   -0.546448827,\
_     0.000000000,    0.000000000, -267.009124756,\
_    51.196876526,    4.203990936,   32.956298828,\
_   210.512023926,  323.506225586,  -20.000000000 )
_ set_view (\
_    -0.484044462,    0.818652928,   -0.309044838,\
_     0.598855853,    0.052406285,   -0.799140215,\
_    -0.638022423,   -0.571892738,   -0.515622258,\
_     0.000000000,    0.000000000, -267.009124756,\
_    51.196876526,    4.203990936,   32.956298828,\
_   210.512023926,  323.506225586,  -20.000000000 )
_ set_view (\
_    -0.501682758,    0.812057137,   -0.298124135,\
_     0.579273283,    0.059412997,   -0.812965155,\
_    -0.642461538,   -0.580545962,   -0.500209689,\
_     0.000000000,    0.000000000, -267.009124756,\
_    51.196876526,    4.203990936,   32.956298828,\
_   210.512023926,  323.506225586,  -20.000000000 )
_ set_view (\
_    -0.518974066,    0.805243969,   -0.286789745,\
_     0.559283733,    0.066153862,   -0.826332331,\
_    -0.646426737,   -0.589241922,   -0.484692276,\
_     0.000000000,    0.000000000, -267.009124756,\
_    51.196876526,    4.203990936,   32.956298828,\
_   210.512023926,  323.506225586,  -20.000000000 )
_ set_view (\
_    -0.569724798,    0.779763937,   -0.259580761,\
_     0.504831791,    0.082812130,   -0.859236181,\
_    -0.648504794,   -0.620572805,   -0.440830022,\
_     0.000000000,    0.000000000, -267.009124756,\
_    51.196876526,    4.203990936,   32.956298828,\
_   210.512023926,  323.506225586,  -20.000000000 )
_ set_view (\
_    -0.617585301,    0.752373934,   -0.229177445,\
_     0.447817862,    0.096837148,   -0.888865292,\
_    -0.646566033,   -0.651579916,   -0.396731943,\
_     0.000000000,    0.000000000, -267.009124756,\
_    51.196876526,    4.203990936,   32.956298828,\
_   210.512023926,  323.506225586,  -20.000000000 )
_ set_view (\
_    -0.676834345,    0.708050609,   -0.201395437,\
_     0.385635823,    0.108002454,   -0.916307926,\
_    -0.627041101,   -0.697853982,   -0.346149683,\
_     0.000000000,    0.000000000, -267.009124756,\
_    51.196876526,    4.203990936,   32.956298828,\
_   210.512023926,  323.506225586,  -20.000000000 )
_ set_view (\
_    -0.731349349,    0.660646796,   -0.169335574,\
_     0.321311146,    0.114760451,   -0.939994097,\
_    -0.601571023,   -0.741873503,   -0.296203375,\
_     0.000000000,    0.000000000, -267.009124756,\
_    51.196876526,    4.203990936,   32.956298828,\
_   210.512023926,  323.506225586,  -20.000000000 )
_ set_view (\
_    -0.732406676,    0.657000363,   -0.178693935,\
_     0.335957736,    0.120443858,   -0.934144199,\
_    -0.592210472,   -0.744207084,   -0.308938473,\
_     0.000000000,    0.000000000, -267.009124756,\
_    51.196876526,    4.203990936,   32.956298828,\
_   210.512023926,  323.506225586,  -20.000000000 )
_ set_view (\
_    -0.728452504,    0.656623960,   -0.195454687,\
_     0.377627939,    0.146796405,   -0.914247036,\
_    -0.571624398,   -0.739794731,   -0.354893953,\
_     0.000000000,    0.000000000, -267.009124756,\
_    51.196876526,    4.203990936,   32.956298828,\
_   210.512023926,  323.506225586,  -20.000000000 )
_ set_view (\
_    -0.723728836,    0.656707704,   -0.212019101,\
_     0.418134689,    0.172895461,   -0.891779244,\
_    -0.548981130,   -0.734058976,   -0.399721891,\
_     0.000000000,    0.000000000, -267.009124756,\
_    51.196876526,    4.203990936,   32.956298828,\
_   210.512023926,  323.506225586,  -20.000000000 )
_ set_view (\
_    -0.612827361,    0.703733623,   -0.359447062,\
_     0.774135888,    0.443352163,   -0.451831996,\
_    -0.158607662,   -0.555155933,   -0.816483974,\
_     0.000000000,    0.000000000, -267.009124756,\
_    51.196876526,    4.203990936,   32.956298828,\
_   210.512023926,  323.506225586,  -20.000000000 )
_ set_view (\
_    -0.451965988,    0.793680668,   -0.407183439,\
_     0.818439424,    0.550511181,    0.164602458,\
_     0.354800969,   -0.258860320,   -0.898392081,\
_     0.000000000,    0.000000000, -267.009124756,\
_    51.196876526,    4.203990936,   32.956298828,\
_   210.512023926,  323.506225586,  -20.000000000 )
_ set_view (\
_    -0.397741020,    0.827442586,   -0.396410704,\
_     0.756412625,    0.540252149,    0.368737340,\
_     0.519270897,   -0.153188080,   -0.840768635,\
_     0.000000000,    0.000000000, -267.009124756,\
_    51.196876526,    4.203990936,   32.956298828,\
_   210.512023926,  323.506225586,  -20.000000000 )
_ set_view (\
_    -0.347510338,    0.860556304,   -0.372397661,\
_     0.659026742,    0.506667972,    0.555851579,\
_     0.667023718,   -0.052255824,   -0.743202150,\
_     0.000000000,    0.000000000, -267.009124756,\
_    51.196876526,    4.203990936,   32.956298828,\
_   210.512023926,  323.506225586,  -20.000000000 )
_ set_view (\
_    -0.340284437,    0.867221355,   -0.363502622,\
_     0.640923798,    0.496771097,    0.585179210,\
_     0.688057661,   -0.033850126,   -0.724866509,\
_     0.000000000,    0.000000000, -267.009124756,\
_    51.196876526,    4.203990936,   32.956298828,\
_   210.512023926,  323.506225586,  -20.000000000 )
_ set_view (\
_    -0.333341032,    0.873717010,   -0.354263902,\
_     0.622035921,    0.486179024,    0.613759458,\
_     0.708487928,   -0.015773721,   -0.705547094,\
_     0.000000000,    0.000000000, -267.009124756,\
_    51.196876526,    4.203990936,   32.956298828,\
_   210.512023926,  323.506225586,  -20.000000000 )
_ set_view (\
_    -0.321520150,    0.881621599,   -0.345497668,\
_     0.587427557,    0.471881807,    0.657461584,\
_     0.742666602,    0.008432187,   -0.669608712,\
_     0.000000000,    0.000000000, -267.009124756,\
_    51.196876526,    4.203990936,   32.956298828,\
_   210.512023926,  323.506225586,  -20.000000000 )
_ set_view (\
_    -0.310203999,    0.889338136,   -0.335934013,\
_     0.550798059,    0.456143886,    0.698966026,\
_     0.774851680,    0.031790130,   -0.631343722,\
_     0.000000000,    0.000000000, -267.009124756,\
_    51.196876526,    4.203990936,   32.956298828,\
_   210.512023926,  323.506225586,  -20.000000000 )
_ set_view (\
_    -0.298115879,    0.898729980,   -0.321577132,\
_     0.506412029,    0.434489012,    0.744825780,\
_     0.809119225,    0.059193738,   -0.584656119,\
_     0.000000000,    0.000000000, -267.009124756,\
_    51.196876526,    4.203990936,   32.956298828,\
_   210.512023926,  323.506225586,  -20.000000000 )
_ set_view (\
_    -0.286940902,    0.907682002,   -0.306233317,\
_     0.459679961,    0.410932332,    0.787291765,\
_     0.840451956,    0.085136771,   -0.535156846,\
_     0.000000000,    0.000000000, -267.009124756,\
_    51.196876526,    4.203990936,   32.956298828,\
_   210.512023926,  323.506225586,  -20.000000000 )
_ set_view (\
_    -0.285846472,    0.909491956,   -0.301855564,\
_     0.453613460,    0.405892819,    0.793401062,\
_     0.844113111,    0.089865014,   -0.528581083,\
_     0.000000000,    0.000000000, -267.009124756,\
_    51.196876526,    4.203990936,   32.956298828,\
_   210.512023926,  323.506225586,  -20.000000000 )
_ set_view (\
_    -0.284785181,    0.911272228,   -0.297457546,\
_     0.447509885,    0.400803477,    0.799431562,\
_     0.847722054,    0.094550930,   -0.521946430,\
_     0.000000000,    0.000000000, -267.009124756,\
_    51.196876526,    4.203990936,   32.956298828,\
_   210.512023926,  323.506225586,  -20.000000000 )
_ cmd.select("_seeker","(ZF1_11`528|ZF1_11`529|ZF1_11`530|ZF1_11`531|ZF1_11`532|ZF1_11`533|ZF1_11`534|ZF1_11`535|ZF1_11`536)")
cmd.select('sele','none')
_ cmd.select("sele","((byresi(?sele)) or byresi(_seeker))",enable=1)
_ cmd.delete("_seeker")
_ cmd.select("_seeker","(ZF1_11`545|ZF1_11`546|ZF1_11`547|ZF1_11`548|ZF1_11`549|ZF1_11`550|ZF1_11`551)")
_ cmd.select("sele","((byresi(?sele)) or byresi(_seeker))",enable=1)
_ cmd.delete("_seeker")
_ cmd.select("_seeker","(ZF1_11`537|ZF1_11`538|ZF1_11`539|ZF1_11`540|ZF1_11`541|ZF1_11`542|ZF1_11`543|ZF1_11`544)")
_ cmd.select("sele","((byresi(?sele)) or byresi(_seeker))",enable=1)
_ cmd.delete("_seeker")
_ cmd.select("_seeker","(ZF1_11`545|ZF1_11`546|ZF1_11`547|ZF1_11`548|ZF1_11`549|ZF1_11`550|ZF1_11`551)")
_ cmd.select("sele","((byresi(?sele)) and not byresi(_seeker))",enable=1)
_ cmd.delete("_seeker")
_ cmd.select("_seeker","(ZF1_11`537|ZF1_11`538|ZF1_11`539|ZF1_11`540|ZF1_11`541|ZF1_11`542|ZF1_11`543|ZF1_11`544)")
_ cmd.select("sele","((byresi(?sele)) and not byresi(_seeker))",enable=1)
_ cmd.delete("_seeker")
_ cmd.select("_seeker","(ZF1_11`537|ZF1_11`538|ZF1_11`539|ZF1_11`540|ZF1_11`541|ZF1_11`542|ZF1_11`543|ZF1_11`544)")
_ cmd.select("sele","((byresi(?sele)) or byresi(_seeker))",enable=1)
_ cmd.delete("_seeker")
_ cmd.select("_seeker","(ZF1_11`537|ZF1_11`538|ZF1_11`539|ZF1_11`540|ZF1_11`541|ZF1_11`542|ZF1_11`543|ZF1_11`544)")
_ cmd.select("sele","((byresi(?sele)) and not byresi(_seeker))",enable=1)
_ cmd.delete("_seeker")
_ cmd.select("_seeker","(ZF1_11`528|ZF1_11`529|ZF1_11`530|ZF1_11`531|ZF1_11`532|ZF1_11`533|ZF1_11`534|ZF1_11`535|ZF1_11`536)")
_ cmd.select("sele","((byresi(?sele)) and not byresi(_seeker))",enable=1)
_ cmd.delete("_seeker")
_ set_view (\
_    -0.406081110,    0.912353158,   -0.052062780,\
_     0.725860715,    0.356637836,    0.588162363,\
_     0.555179477,    0.201051205,   -0.807065487,\
_     0.000000000,    0.000000000, -267.009124756,\
_    51.196876526,    4.203990936,   32.956298828,\
_   210.512023926,  323.506225586,  -20.000000000 )
_ set_view (\
_    -0.415694743,    0.882526636,    0.219875485,\
_     0.893752158,    0.351580024,    0.278563708,\
_     0.168536156,    0.312311620,   -0.934910417,\
_     0.000000000,    0.000000000, -267.009124756,\
_    51.196876526,    4.203990936,   32.956298828,\
_   210.512023926,  323.506225586,  -20.000000000 )
_ set_view (\
_    -0.404371232,    0.871901035,    0.276175886,\
_     0.910794735,    0.356395543,    0.208409011,\
_     0.083284222,    0.335814148,   -0.938239336,\
_     0.000000000,    0.000000000, -267.009124756,\
_    51.196876526,    4.203990936,   32.956298828,\
_   210.512023926,  323.506225586,  -20.000000000 )
_ set_view (\
_    -0.388083398,    0.860129595,    0.331012011,\
_     0.921621323,    0.363036811,    0.137176991,\
_    -0.002179541,    0.358303845,   -0.933602691,\
_     0.000000000,    0.000000000, -267.009124756,\
_    51.196876526,    4.203990936,   32.956298828,\
_   210.512023926,  323.506225586,  -20.000000000 )
_ set_view (\
_    -0.370633841,    0.837274909,    0.401997268,\
_     0.923318982,    0.379015565,    0.061873533,\
_    -0.100558087,    0.394104183,   -0.913548291,\
_     0.000000000,    0.000000000, -267.009124756,\
_    51.196876526,    4.203990936,   32.956298828,\
_   210.512023926,  323.506225586,  -20.000000000 )
_ set_view (\
_    -0.345876604,    0.812100172,    0.469960809,\
_     0.917325735,    0.397939295,   -0.012522612,\
_    -0.197185576,    0.426775962,   -0.882598817,\
_     0.000000000,    0.000000000, -267.009124756,\
_    51.196876526,    4.203990936,   32.956298828,\
_   210.512023926,  323.506225586,  -20.000000000 )
_ set_view (\
_    -0.266940117,    0.743632615,    0.612987757,\
_     0.874958515,    0.453635573,   -0.169296578,\
_    -0.403967738,    0.491146952,   -0.771741748,\
_     0.000000000,    0.000000000, -267.009124756,\
_    51.196876526,    4.203990936,   32.956298828,\
_   210.512023926,  323.506225586,  -20.000000000 )
_ set_view (\
_    -0.155715555,    0.667646050,    0.728012264,\
_     0.796872139,    0.520430148,   -0.306832492,\
_    -0.583735466,    0.532354236,   -0.613068104,\
_     0.000000000,    0.000000000, -267.009124756,\
_    51.196876526,    4.203990936,   32.956298828,\
_   210.512023926,  323.506225586,  -20.000000000 )
_ set_view (\
_    -0.063339345,    0.614899457,    0.786058009,\
_     0.724902213,    0.569701374,   -0.387241602,\
_    -0.685933471,    0.545287669,   -0.481826991,\
_     0.000000000,    0.000000000, -267.009124756,\
_    51.196876526,    4.203990936,   32.956298828,\
_   210.512023926,  323.506225586,  -20.000000000 )
_ set_view (\
_     0.038335562,    0.562416255,    0.825965345,\
_     0.640093088,    0.620907485,   -0.452497154,\
_    -0.767340422,    0.546041548,   -0.336196333,\
_     0.000000000,    0.000000000, -267.009124756,\
_    51.196876526,    4.203990936,   32.956298828,\
_   210.512023926,  323.506225586,  -20.000000000 )
_ set_view (\
_     0.056974344,    0.546046197,    0.835815668,\
_     0.622150302,    0.635329306,   -0.457476407,\
_    -0.780822039,    0.546067476,   -0.303525716,\
_     0.000000000,    0.000000000, -267.009124756,\
_    51.196876526,    4.203990936,   32.956298828,\
_   210.512023926,  323.506225586,  -20.000000000 )
_ set_view (\
_     0.076012738,    0.529642522,    0.844808400,\
_     0.603959799,    0.649693489,   -0.461659878,\
_    -0.793381870,    0.545322418,   -0.270498157,\
_     0.000000000,    0.000000000, -267.009124756,\
_    51.196876526,    4.203990936,   32.956298828,\
_   210.512023926,  323.506225586,  -20.000000000 )
_ set_view (\
_     0.105511352,    0.507669270,    0.855067015,\
_     0.576655924,    0.669290185,   -0.468526989,\
_    -0.810145319,    0.542514443,   -0.222133145,\
_     0.000000000,    0.000000000, -267.009124756,\
_    51.196876526,    4.203990936,   32.956298828,\
_   210.512023926,  323.506225586,  -20.000000000 )
_ set_view (\
_     0.135660827,    0.485795796,    0.863480687,\
_     0.548868537,    0.688724220,   -0.473710001,\
_    -0.824827015,    0.538201332,   -0.173205465,\
_     0.000000000,    0.000000000, -267.009124756,\
_    51.196876526,    4.203990936,   32.956298828,\
_   210.512023926,  323.506225586,  -20.000000000 )
_ set_view (\
_     0.210314319,    0.460448772,    0.862412393,\
_     0.484392405,    0.717169225,   -0.501030028,\
_    -0.849195004,    0.523119867,   -0.072207198,\
_     0.000000000,    0.000000000, -267.009124756,\
_    51.196876526,    4.203990936,   32.956298828,\
_   210.512023926,  323.506225586,  -20.000000000 )
_ set_view (\
_     0.285015166,    0.436995476,    0.853112876,\
_     0.416933715,    0.744898140,   -0.520856857,\
_    -0.863094985,    0.504143715,    0.030108944,\
_     0.000000000,    0.000000000, -267.009124756,\
_    51.196876526,    4.203990936,   32.956298828,\
_   210.512023926,  323.506225586,  -20.000000000 )
_ set_view (\
_     0.343148887,    0.424693584,    0.837785542,\
_     0.362711281,    0.762842774,   -0.535266578,\
_    -0.866423607,    0.487550467,    0.107727349,\
_     0.000000000,    0.000000000, -267.009124756,\
_    51.196876526,    4.203990936,   32.956298828,\
_   210.512023926,  323.506225586,  -20.000000000 )
_ set_view (\
_     0.400112092,    0.413771778,    0.817743063,\
_     0.307241261,    0.780081689,   -0.545045197,\
_    -0.863431454,    0.469323635,    0.184992254,\
_     0.000000000,    0.000000000, -267.009124756,\
_    51.196876526,    4.203990936,   32.956298828,\
_   210.512023926,  323.506225586,  -20.000000000 )
_ set_view (\
_     0.440503687,    0.413181812,    0.797018051,\
_     0.266475260,    0.787604392,   -0.555580020,\
_    -0.857291222,    0.457120687,    0.236839861,\
_     0.000000000,    0.000000000, -267.009124756,\
_    51.196876526,    4.203990936,   32.956298828,\
_   210.512023926,  323.506225586,  -20.000000000 )
_ set_view (\
_     0.479666620,    0.413243085,    0.774048209,\
_     0.225091308,    0.794684231,   -0.563746214,\
_    -0.848088861,    0.444641769,    0.288166076,\
_     0.000000000,    0.000000000, -267.009124756,\
_    51.196876526,    4.203990936,   32.956298828,\
_   210.512023926,  323.506225586,  -20.000000000 )
_ set_view (\
_     0.512656569,    0.418447316,    0.749723673,\
_     0.188433588,    0.797075868,   -0.573726177,\
_    -0.837661564,    0.435397655,    0.329776675,\
_     0.000000000,    0.000000000, -267.009124756,\
_    51.196876526,    4.203990936,   32.956298828,\
_   210.512023926,  323.506225586,  -20.000000000 )
_ set_view (\
_     0.561897039,    0.426751971,    0.708628953,\
_     0.129941463,    0.800480664,   -0.585102379,\
_    -0.816938162,    0.420847565,    0.394334942,\
_     0.000000000,    0.000000000, -267.009124756,\
_    51.196876526,    4.203990936,   32.956298828,\
_   210.512023926,  323.506225586,  -20.000000000 )
_ set_view (\
_     0.618364215,    0.420405447,    0.663992047,\
_     0.060900219,    0.816715240,   -0.573817313,\
_    -0.783529043,    0.395265371,    0.479424804,\
_     0.000000000,    0.000000000, -267.009124756,\
_    51.196876526,    4.203990936,   32.956298828,\
_   210.512023926,  323.506225586,  -20.000000000 )
_ set_view (\
_     0.670506537,    0.416234881,    0.614141643,\
_    -0.007049505,    0.831327856,   -0.555736601,\
_    -0.741870701,    0.368295640,    0.560345232,\
_     0.000000000,    0.000000000, -267.009124756,\
_    51.196876526,    4.203990936,   32.956298828,\
_   210.512023926,  323.506225586,  -20.000000000 )
_ set_view (\
_     0.705009937,    0.409221649,    0.579222798,\
_    -0.052642517,    0.844672441,   -0.532687664,\
_    -0.707241535,    0.345058352,    0.617045164,\
_     0.000000000,    0.000000000, -267.009124756,\
_    51.196876526,    4.203990936,   32.956298828,\
_   210.512023926,  323.506225586,  -20.000000000 )
_ set_view (\
_     0.737209618,    0.403504461,    0.541947007,\
_    -0.096757963,    0.856874287,   -0.506362855,\
_    -0.668700695,    0.320857853,    0.670738518,\
_     0.000000000,    0.000000000, -267.009124756,\
_    51.196876526,    4.203990936,   32.956298828,\
_   210.512023926,  323.506225586,  -20.000000000 )
_ set_view (\
_     0.769662976,    0.399871409,    0.497716993,\
_    -0.143758237,    0.868092418,   -0.475129575,\
_    -0.622055709,    0.294138700,    0.725623667,\
_     0.000000000,    0.000000000, -267.009124756,\
_    51.196876526,    4.203990936,   32.956298828,\
_   210.512023926,  323.506225586,  -20.000000000 )
_ set_view (\
_     0.798858047,    0.397828639,    0.451174736,\
_    -0.188497886,    0.877844274,   -0.440291971,\
_    -0.571222544,    0.266685277,    0.776263118,\
_     0.000000000,    0.000000000, -267.009124756,\
_    51.196876526,    4.203990936,   32.956298828,\
_   210.512023926,  323.506225586,  -20.000000000 )
_ set_view (\
_     0.842502713,    0.404262125,    0.356036216,\
_    -0.267459840,    0.887623072,   -0.374952823,\
_    -0.467605710,    0.220673323,    0.855949044,\
_     0.000000000,    0.000000000, -267.009124756,\
_    51.196876526,    4.203990936,   32.956298828,\
_   210.512023926,  323.506225586,  -20.000000000 )
_ set_view (\
_     0.872745574,    0.415510893,    0.256254375,\
_    -0.337100655,    0.892629743,   -0.299289703,\
_    -0.353098899,    0.174820185,    0.919108033,\
_     0.000000000,    0.000000000, -267.009124756,\
_    51.196876526,    4.203990936,   32.956298828,\
_   210.512023926,  323.506225586,  -20.000000000 )
_ set_view (\
_     0.889607489,    0.429716080,    0.154735252,\
_    -0.394945115,    0.893930197,   -0.211910799,\
_    -0.229384422,    0.127405420,    0.964961767,\
_     0.000000000,    0.000000000, -267.009124756,\
_    51.196876526,    4.203990936,   32.956298828,\
_   210.512023926,  323.506225586,  -20.000000000 )
_ set_view (\
_     0.892243505,    0.448481917,    0.052592516,\
_    -0.440445930,    0.890044987,   -0.117585182,\
_    -0.099544898,    0.081750326,    0.991669416,\
_     0.000000000,    0.000000000, -267.009124756,\
_    51.196876526,    4.203990936,   32.956298828,\
_   210.512023926,  323.506225586,  -20.000000000 )
_ set_view (\
_     0.886805832,    0.461665392,   -0.021000389,\
_    -0.462136149,    0.886114538,   -0.035074502,\
_     0.002415769,    0.040809162,    0.999164283,\
_     0.000000000,    0.000000000, -267.009124756,\
_    51.196876526,    4.203990936,   32.956298828,\
_   210.512023926,  323.506225586,  -20.000000000 )
_ set_view (\
_     0.873613298,    0.477643877,   -0.093041576,\
_    -0.475125879,    0.878552020,    0.048996903,\
_     0.105144709,    0.001401946,    0.994456172,\
_     0.000000000,    0.000000000, -267.009124756,\
_    51.196876526,    4.203990936,   32.956298828,\
_   210.512023926,  323.506225586,  -20.000000000 )
_ set_view (\
_     0.844812155,    0.501675189,   -0.186051071,\
_    -0.475107551,    0.863269210,    0.170405656,\
_     0.246100292,   -0.055566695,    0.967650473,\
_     0.000000000,    0.000000000, -267.009124756,\
_    51.196876526,    4.203990936,   32.956298828,\
_   210.512023926,  323.506225586,  -20.000000000 )
_ set_view (\
_     0.802696824,    0.530563354,   -0.272361815,\
_    -0.457538605,    0.840777278,    0.289397657,\
_     0.382539332,   -0.107682735,    0.917642891,\
_     0.000000000,    0.000000000, -267.009124756,\
_    51.196876526,    4.203990936,   32.956298828,\
_   210.512023926,  323.506225586,  -20.000000000 )
_ set_view (\
_     0.787491441,    0.539539933,   -0.297916889,\
_    -0.443169743,    0.831624448,    0.334664643,\
_     0.428319842,   -0.131518006,    0.894005299,\
_     0.000000000,    0.000000000, -267.009124756,\
_    51.196876526,    4.203990936,   32.956298828,\
_   210.512023926,  323.506225586,  -20.000000000 )
_ set_view (\
_     0.771011412,    0.549167812,   -0.322423190,\
_    -0.426533341,    0.821286917,    0.378887981,\
_     0.472874999,   -0.154602975,    0.867460310,\
_     0.000000000,    0.000000000, -267.009124756,\
_    51.196876526,    4.203990936,   32.956298828,\
_   210.512023926,  323.506225586,  -20.000000000 )
_ set_view (\
_     0.768311858,    0.550018430,   -0.327379316,\
_    -0.414470971,    0.817267299,    0.400358588,\
_     0.487760961,   -0.171911284,    0.855883181,\
_     0.000000000,    0.000000000, -267.009124756,\
_    51.196876526,    4.203990936,   32.956298828,\
_   210.512023926,  323.506225586,  -20.000000000 )
_ set_view (\
_     0.765527070,    0.550967872,   -0.332269877,\
_    -0.402041405,    0.812817216,    0.421532810,\
_     0.502325714,   -0.189108774,    0.843745887,\
_     0.000000000,    0.000000000, -267.009124756,\
_    51.196876526,    4.203990936,   32.956298828,\
_   210.512023926,  323.506225586,  -20.000000000 )
_ set_view (\
_     0.761192381,    0.553214252,   -0.338438660,\
_    -0.392261118,    0.808317721,    0.439036012,\
_     0.516446948,   -0.201434806,    0.832290173,\
_     0.000000000,    0.000000000, -267.009124756,\
_    51.196876526,    4.203990936,   32.956298828,\
_   210.512023926,  323.506225586,  -20.000000000 )
_ set_view (\
_     0.756757081,    0.555552363,   -0.344500870,\
_    -0.382189423,    0.803564310,    0.456305295,\
_     0.530330122,   -0.213647932,    0.820429683,\
_     0.000000000,    0.000000000, -267.009124756,\
_    51.196876526,    4.203990936,   32.956298828,\
_   210.512023926,  323.506225586,  -20.000000000 )
_ set_view (\
_     0.756719232,    0.554861307,   -0.345695585,\
_    -0.370578438,    0.799703240,    0.472382575,\
_     0.538560748,   -0.229353920,    0.810770869,\
_     0.000000000,    0.000000000, -267.009124756,\
_    51.196876526,    4.203990936,   32.956298828,\
_   210.512023926,  323.506225586,  -20.000000000 )
_ set_view (\
_     0.756661773,    0.554187834,   -0.346899509,\
_    -0.358803868,    0.795525312,    0.488260418,\
_     0.546555459,   -0.244979396,    0.800788760,\
_     0.000000000,    0.000000000, -267.009124756,\
_    51.196876526,    4.203990936,   32.956298828,\
_   210.512023926,  323.506225586,  -20.000000000 )
_ set_view (\
_     0.765221357,    0.546079993,   -0.340930194,\
_    -0.326873809,    0.785823107,    0.525009155,\
_     0.554607928,   -0.290307373,    0.779828250,\
_     0.000000000,    0.000000000, -267.009124756,\
_    51.196876526,    4.203990936,   32.956298828,\
_   210.512023926,  323.506225586,  -20.000000000 )
_ set_view (\
_     0.793518245,    0.521156311,   -0.314206064,\
_    -0.298006922,    0.782959878,    0.546044648,\
_     0.530585408,   -0.339661121,    0.776601434,\
_     0.000000000,    0.000000000, -267.009124756,\
_    51.196876526,    4.203990936,   32.956298828,\
_   210.512023926,  323.506225586,  -20.000000000 )
_ set_view (\
_     0.820306063,    0.494141430,   -0.287963152,\
_    -0.269579321,    0.778124928,    0.567316234,\
_     0.504405797,   -0.387744397,    0.771511137,\
_     0.000000000,    0.000000000, -267.009124756,\
_    51.196876526,    4.203990936,   32.956298828,\
_   210.512023926,  323.506225586,  -20.000000000 )
_ set_view (\
_     0.836503208,    0.477431625,   -0.268927485,\
_    -0.265694767,    0.782619417,    0.562949717,\
_     0.479237884,   -0.399456978,    0.781514943,\
_     0.000000000,    0.000000000, -267.009124756,\
_    51.196876526,    4.203990936,   32.956298828,\
_   210.512023926,  323.506225586,  -20.000000000 )
_ set_view (\
_     0.851929188,    0.460356265,   -0.249578282,\
_    -0.261623055,    0.787039280,    0.558678627,\
_     0.453619093,   -0.410659611,    0.790941715,\
_     0.000000000,    0.000000000, -267.009124756,\
_    51.196876526,    4.203990936,   32.956298828,\
_   210.512023926,  323.506225586,  -20.000000000 )
_ set_view (\
_     0.875050545,    0.431942612,   -0.218432292,\
_    -0.252787739,    0.792662263,    0.554782927,\
_     0.412777394,   -0.430246502,    0.802809596,\
_     0.000000000,    0.000000000, -267.009124756,\
_    51.196876526,    4.203990936,   32.956298828,\
_   210.512023926,  323.506225586,  -20.000000000 )
_ set_view (\
_     0.896136880,    0.402583390,   -0.186724097,\
_    -0.243640125,    0.797996938,    0.551216424,\
_     0.370915771,   -0.448472232,    0.813200295,\
_     0.000000000,    0.000000000, -267.009124756,\
_    51.196876526,    4.203990936,   32.956298828,\
_   210.512023926,  323.506225586,  -20.000000000 )
_ set_view (\
_     0.917720616,    0.368769020,   -0.147644743,\
_    -0.237828225,    0.807800174,    0.539347529,\
_     0.318162024,   -0.459856570,    0.829038858,\
_     0.000000000,    0.000000000, -267.009124756,\
_    51.196876526,    4.203990936,   32.956298828,\
_   210.512023926,  323.506225586,  -20.000000000 )
_ set_view (\
_     0.936309457,    0.334277183,   -0.107629329,\
_    -0.231144294,    0.817352951,    0.527736247,\
_     0.264381230,   -0.469246835,    0.842561901,\
_     0.000000000,    0.000000000, -267.009124756,\
_    51.196876526,    4.203990936,   32.956298828,\
_   210.512023926,  323.506225586,  -20.000000000 )
_ set_view (\
_     0.955941856,    0.288253039,   -0.055551946,\
_    -0.219600350,    0.827769279,    0.516306996,\
_     0.194811106,   -0.481360555,    0.854600072,\
_     0.000000000,    0.000000000, -267.009124756,\
_    51.196876526,    4.203990936,   32.956298828,\
_   210.512023926,  323.506225586,  -20.000000000 )
_ set_view (\
_     0.970437527,    0.241340071,   -0.002591994,\
_    -0.206956178,    0.837608159,    0.505550086,\
_     0.124180384,   -0.490068644,    0.862793446,\
_     0.000000000,    0.000000000, -267.009124756,\
_    51.196876526,    4.203990936,   32.956298828,\
_   210.512023926,  323.506225586,  -20.000000000 )
_ set_view (\
_     0.977132618,    0.208225906,    0.043063257,\
_    -0.202789813,    0.851687729,    0.483221889,\
_     0.063942656,   -0.480904967,    0.874438286,\
_     0.000000000,    0.000000000, -267.009124756,\
_    51.196876526,    4.203990936,   32.956298828,\
_   210.512023926,  323.506225586,  -20.000000000 )
_ set_view (\
_     0.980391324,    0.175597385,    0.089437112,\
_    -0.197029799,    0.865278959,    0.460945368,\
_     0.003552511,   -0.469528913,    0.882910252,\
_     0.000000000,    0.000000000, -267.009124756,\
_    51.196876526,    4.203990936,   32.956298828,\
_   210.512023926,  323.506225586,  -20.000000000 )
_ set_view (\
_     0.956886649,    0.057630494,    0.284688056,\
_    -0.161779106,    0.919763744,    0.357576966,\
_    -0.241238743,   -0.388217479,    0.889433265,\
_     0.000000000,    0.000000000, -267.009124756,\
_    51.196876526,    4.203990936,   32.956298828,\
_   210.512023926,  323.506225586,  -20.000000000 )
_ set_view (\
_     0.878000021,   -0.039125752,    0.477059364,\
_    -0.099038355,    0.960237026,    0.261027843,\
_    -0.468303323,   -0.276429862,    0.839213312,\
_     0.000000000,    0.000000000, -267.009124756,\
_    51.196876526,    4.203990936,   32.956298828,\
_   210.512023926,  323.506225586,  -20.000000000 )
_ set_view (\
_     0.750040174,   -0.113051176,    0.651659131,\
_    -0.013223737,    0.982522726,    0.185670406,\
_    -0.661260545,   -0.147877783,    0.735436678,\
_     0.000000000,    0.000000000, -267.009124756,\
_    51.196876526,    4.203990936,   32.956298828,\
_   210.512023926,  323.506225586,  -20.000000000 )
_ set_view (\
_     0.580555677,   -0.156159848,    0.799105525,\
_     0.088226423,    0.987721860,    0.128922015,\
_    -0.809426844,   -0.004344273,    0.587205052,\
_     0.000000000,    0.000000000, -267.009124756,\
_    51.196876526,    4.203990936,   32.956298828,\
_   210.512023926,  323.506225586,  -20.000000000 )
_ set_view (\
_     0.486084104,   -0.142551661,    0.862207532,\
_     0.144545183,    0.986131489,    0.081550792,\
_    -0.861875653,    0.084987357,    0.499948025,\
_     0.000000000,    0.000000000, -267.009124756,\
_    51.196876526,    4.203990936,   32.956298828,\
_   210.512023926,  323.506225586,  -20.000000000 )
_ set_view (\
_     0.387025654,   -0.118917815,    0.914368808,\
_     0.205024734,    0.977922082,    0.040402357,\
_    -0.898986459,    0.171831459,    0.402862042,\
_     0.000000000,    0.000000000, -267.009124756,\
_    51.196876526,    4.203990936,   32.956298828,\
_   210.512023926,  323.506225586,  -20.000000000 )
_ set_view (\
_     0.248352617,   -0.016788989,    0.968524456,\
_     0.306937546,    0.949691653,   -0.062243376,\
_    -0.918755054,    0.312734842,    0.241011500,\
_     0.000000000,    0.000000000, -267.009124756,\
_    51.196876526,    4.203990936,   32.956298828,\
_   210.512023926,  323.506225586,  -20.000000000 )
_ set_view (\
_     0.116200715,    0.104709409,    0.987691164,\
_     0.417548239,    0.897134066,   -0.144232959,\
_    -0.901194334,    0.429168761,    0.060526222,\
_     0.000000000,    0.000000000, -267.009124756,\
_    51.196876526,    4.203990936,   32.956298828,\
_   210.512023926,  323.506225586,  -20.000000000 )
_ set_view (\
_     0.047494836,    0.223938257,    0.973445594,\
_     0.498277366,    0.839320362,   -0.217394114,\
_    -0.865715981,    0.495371103,   -0.071720183,\
_     0.000000000,    0.000000000, -267.009124756,\
_    51.196876526,    4.203990936,   32.956298828,\
_   210.512023926,  323.506225586,  -20.000000000 )
_ set_view (\
_    -0.010086976,    0.344811440,    0.938618004,\
_     0.579510033,    0.766975343,   -0.275528669,\
_    -0.814902723,    0.541159451,   -0.207558393,\
_     0.000000000,    0.000000000, -267.009124756,\
_    51.196876526,    4.203990936,   32.956298828,\
_   210.512023926,  323.506225586,  -20.000000000 )
_ set_view (\
_    -0.022810796,    0.457665682,    0.888831973,\
_     0.637419045,    0.691573977,   -0.339737356,\
_    -0.770179629,    0.558808923,   -0.307500452,\
_     0.000000000,    0.000000000, -267.009124756,\
_    51.196876526,    4.203990936,   32.956298828,\
_   210.512023926,  323.506225586,  -20.000000000 )
_ set_view (\
_    -0.026399819,    0.564090729,    0.825291038,\
_     0.692712724,    0.605549514,   -0.391737163,\
_    -0.720730245,    0.561347961,   -0.406739503,\
_     0.000000000,    0.000000000, -267.009124756,\
_    51.196876526,    4.203990936,   32.956298828,\
_   210.512023926,  323.506225586,  -20.000000000 )
_ set_view (\
_    -0.001080852,    0.697300851,    0.716778100,\
_     0.752784610,    0.472398162,   -0.458426058,\
_    -0.658265889,    0.539084196,   -0.525428295,\
_     0.000000000,    0.000000000, -267.009124756,\
_    51.196876526,    4.203990936,   32.956298828,\
